1 0
2 0
3 1
4 2
5 4
6 6
7 9
8 12
9 16
10 20
11 25
12 30
13 36
14 42
15 49
16 56
17 64
18 72
19 81
20 90
21 100
22 110
23 121
24 132
25 144
26 156
27 169
28 182
29 196
30 210
31 225
32 240
33 256
34 272
35 289
36 306
37 324
38 342
39 361
40 380
41 400
42 420
43 441
44 462
45 484
46 506
47 529
48 552
49 576
50 600
51 625
52 650
53 676
54 702
55 729
56 756
57 784
58 812
59 841
60 870
61 900
62 930
63 961
64 992
65 1024
66 1056
67 1089
68 1122
69 1156
70 1190
71 1225
72 1260
73 1296
74 1332
75 1369
76 1406
77 1444
78 1482
79 1521
80 1560
81 1600
82 1640
83 1681
84 1722
85 1764
86 1806
87 1849
88 1892
89 1936
90 1980
91 2025
92 2070
93 2116
94 2162
95 2209
96 2256
97 2304
98 2352
99 2401
100 2450
101 2500
102 2550
103 2601
104 2652
105 2704
106 2756
107 2809
108 2862
109 2916
110 2970
111 3025
112 3080
113 3136
114 3192
115 3249
116 3306
117 3364
118 3422
119 3481
120 3540
121 3600
122 3660
123 3721
124 3782
125 3844
126 3906
127 3969
128 4032
129 4096
130 4160
131 4225
132 4290
133 4356
134 4422
135 4489
136 4556
137 4624
138 4692
139 4761
140 4830
141 4900
142 4970
143 5041
144 5112
145 5184
146 5256
147 5329
148 5402
149 5476
150 5550
151 5625
152 5700
153 5776
154 5852
155 5929
156 6006
157 6084
158 6162
159 6241
160 6320
161 6400
162 6480
163 6561
164 6642
165 6724
166 6806
167 6889
168 6972
169 7056
170 7140
171 7225
172 7310
173 7396
174 7482
175 7569
176 7656
177 7744
178 7832
179 7921
180 8010
181 8100
182 8190
183 8281
184 8372
185 8464
186 8556
187 8649
188 8742
189 8836
190 8930
191 9025
192 9120
193 9216
194 9312
195 9409
196 9506
197 9604
198 9702
199 9801
200 9900
201 10000
202 10100
203 10201
204 10302
205 10404
206 10506
207 10609
208 10712
209 10816
210 10920
211 11025
212 11130
213 11236
214 11342
215 11449
216 11556
217 11664
218 11772
219 11881
220 11990
221 12100
222 12210
223 12321
224 12432
225 12544
226 12656
227 12769
228 12882
229 12996
230 13110
231 13225
232 13340
233 13456
234 13572
235 13689
236 13806
237 13924
238 14042
239 14161
240 14280
241 14400
242 14520
243 14641
244 14762
245 14884
246 15006
247 15129
248 15252
249 15376
250 15500
251 15625
252 15750
253 15876
254 16002
255 16129
256 16256
257 16384
258 16512
259 16641
260 16770
261 16900
262 17030
263 17161
264 17292
265 17424
266 17556
267 17689
268 17822
269 17956
270 18090
271 18225
272 18360
273 18496
274 18632
275 18769
276 18906
277 19044
278 19182
279 19321
280 19460
281 19600
282 19740
283 19881
284 20022
285 20164
286 20306
287 20449
288 20592
289 20736
290 20880
291 21025
292 21170
293 21316
294 21462
295 21609
296 21756
297 21904
298 22052
299 22201
300 22350
301 22500
302 22650
303 22801
304 22952
305 23104
306 23256
307 23409
308 23562
309 23716
310 23870
311 24025
312 24180
313 24336
314 24492
315 24649
316 24806
317 24964
318 25122
319 25281
320 25440
321 25600
322 25760
323 25921
324 26082
325 26244
326 26406
327 26569
328 26732
329 26896
330 27060
331 27225
332 27390
333 27556
334 27722
335 27889
336 28056
337 28224
338 28392
339 28561
340 28730
341 28900
342 29070
343 29241
344 29412
345 29584
346 29756
347 29929
348 30102
349 30276
350 30450
351 30625
352 30800
353 30976
354 31152
355 31329
356 31506
357 31684
358 31862
359 32041
360 32220
361 32400
362 32580
363 32761
364 32942
365 33124
366 33306
367 33489
368 33672
369 33856
370 34040
371 34225
372 34410
373 34596
374 34782
375 34969
376 35156
377 35344
378 35532
379 35721
380 35910
381 36100
382 36290
383 36481
384 36672
385 36864
386 37056
387 37249
388 37442
389 37636
390 37830
391 38025
392 38220
393 38416
394 38612
395 38809
396 39006
397 39204
398 39402
399 39601
400 39800
401 40000
402 40200
403 40401
404 40602
405 40804
406 41006
407 41209
408 41412
409 41616
410 41820
411 42025
412 42230
413 42436
414 42642
415 42849
416 43056
417 43264
418 43472
419 43681
420 43890
421 44100
422 44310
423 44521
424 44732
425 44944
426 45156
427 45369
428 45582
429 45796
430 46010
431 46225
432 46440
433 46656
434 46872
435 47089
436 47306
437 47524
438 47742
439 47961
440 48180
441 48400
442 48620
443 48841
444 49062
445 49284
446 49506
447 49729
448 49952
449 50176
450 50400
451 50625
452 50850
453 51076
454 51302
455 51529
456 51756
457 51984
458 52212
459 52441
460 52670
461 52900
462 53130
463 53361
464 53592
465 53824
466 54056
467 54289
468 54522
469 54756
470 54990
471 55225
472 55460
473 55696
474 55932
475 56169
476 56406
477 56644
478 56882
479 57121
480 57360
481 57600
482 57840
483 58081
484 58322
485 58564
486 58806
487 59049
488 59292
489 59536
490 59780
491 60025
492 60270
493 60516
494 60762
495 61009
496 61256
497 61504
498 61752
499 62001
500 62250
501 62500
502 62750
503 63001
504 63252
505 63504
506 63756
507 64009
508 64262
509 64516
510 64770
511 65025
512 65280
513 65536
514 65792
515 66049
516 66306
517 66564
518 66822
519 67081
520 67340
521 67600
522 67860
523 68121
524 68382
525 68644
526 68906
527 69169
528 69432
529 69696
530 69960
531 70225
532 70490
533 70756
534 71022
535 71289
536 71556
537 71824
538 72092
539 72361
540 72630
541 72900
542 73170
543 73441
544 73712
545 73984
546 74256
547 74529
548 74802
549 75076
550 75350
551 75625
552 75900
553 76176
554 76452
555 76729
556 77006
557 77284
558 77562
559 77841
560 78120
561 78400
562 78680
563 78961
564 79242
565 79524
566 79806
567 80089
568 80372
569 80656
570 80940
571 81225
572 81510
573 81796
574 82082
575 82369
576 82656
577 82944
578 83232
579 83521
580 83810
581 84100
582 84390
583 84681
584 84972
585 85264
586 85556
587 85849
588 86142
589 86436
590 86730
591 87025
592 87320
593 87616
594 87912
595 88209
596 88506
597 88804
598 89102
599 89401
600 89700
